32.5796579241
32.6545785701
24.9726116995
11.4399188073
29.2215394098
21.4485624887
22.7778984983
20.1484641593
22.2354925872
10.0669580227
41.0680792463
18.0754912262
14.3609305087
26.1220967446
20.2265271274
17.9442933143
16.5466533454
35.822684797
14.8438317316
16.9557156255
26.6239408896
21.0595462229
34.7541924469
24.7335084399
33.1295889501
17.6237683842
21.4444319524
17.8943537245
24.8990019793
34.9926173622
26.7783175596
20.6014499291
15.001198346
31.4290044877
16.428000778
32.3328661582
31.438726545
15.4682161802
26.4468948809
38.2885227735
34.8647461824
33.1896080191
31.0980339904
12.3411840158
19.9386379307
34.1068155217
39.5829579863
30.7834627894
41.6940662158
32.3298090268
22.1989046111
28.6192542485
34.6144998762
20.0896730561
20.497174222
18.2291003485
14.898699097
35.8251369887
28.6230910373
36.979780431
31.726684009
31.059156644
34.164429758
12.8350092928
31.6819651006
30.7221925558
38.5141196549
34.1295322276
8.96435648721
17.4008716
30.5730395965
32.9019892058
11.6570249457
23.4119922422
25.1153527173
23.3708559223
19.6719755047
40.112428336
27.5033585128
20.60504424
17.7504109321
10.7651980707
9.75790302058
13.5729980169
14.9757392375
11.7942731431
10.9983305254
20.6190021473
22.2368897835
10.4901855136
9.71269087278
22.3349374295
13.8044715375
9.15726710968
16.5330453279
12.6161350672
14.7091664455
49.5893767183
8.51275943523
10.476134881
23.3336825309
29.2570999451
32.0998396988
31.0553490286
16.162346674
35.6314859376
36.1564664208
19.1117548859
33.2999902531
37.302018527
12.2162579411
29.6736918635
43.3323662905
36.9327483173
22.8676006888
32.0598398495
27.0234288573
14.8211139959
22.0894466726
19.9407956483
18.1462786002
21.1445850133
24.1458574627
22.8329397042
22.5904039534
24.1712482602
20.152909875
28.705570259
11.5157852661
22.882342032
21.8047033806
35.039300349
25.5217509417
25.9894885482
18.6450001615
20.0727979177
21.6638928319
25.1247394733
14.7579004688
26.3281709351
23.9603544713
24.5965559818
24.471709649
26.7801469233
15.892283039
30.8298383874
30.5828488374
30.171991423
25.2343685831
29.3912684346
26.155845528
31.6716044691
34.0917392161
24.8306196834
28.8624962811
13.8275175918
36.1614346776
19.5105089122
30.8439625335
41.5679756714
22.1869498779
24.0284167162
17.8677074427
28.6972763431
26.7228795294
25.7735257258
30.067705813
26.4538195061
23.2095966606
12.0900099263
11.6100291367
34.0246079478
22.0157736075
44.3247963103
36.3263671594
36.2514573927
40.0854231705
26.6143249275
36.6239375196
37.5586340072
35.9780110985
33.8806181587
35.0499945642
34.0134753196
37.4953069751
37.2768670119
37.9098018014
37.1148937522
11.47801578
11.8209702983
24.7599079322
19.7269461173
29.1905903507
12.3260075029
24.161306118
21.0814774788
15.474311897
22.2977433426
10.0894304415
16.3843311103
24.7836027045
24.8740989887
24.8413634605
31.1422481534
29.8243364352
22.4850805522
21.8447680371
21.1058538102
35.0029298392
22.1221608511
22.2050766842
38.6104626805
26.1872388884
20.3426806968
26.7485463635
22.9285728944
24.2569826062
25.0358549922
17.8620683424
23.2239930543
24.0893167595
12.2567118762
14.8834202307
11.9363983636
16.7346918005
20.9674232403
24.6243373186
17.5889307012
21.6284478808
28.3809490855
17.5968306472
18.1958260131
32.2426915971
29.8030474426
6.07752570614
23.2929203152
30.9585538267
7.03205378435
28.1115636062
6.93308896296
28.5041708929
38.6779718209
34.1294565704
30.1540482735
35.8598557622
27.1955895683
17.785138178
28.5244886833
19.7873110689
25.758003334
28.788367271
27.2726079896
19.5728234352
23.243885139
27.7239964262
22.4815158343
20.4270947922
23.7408658646
25.8688539082
26.5619940948
21.5588486705
16.4132998636
19.8685329946
28.8367548204
20.7968944591
18.9992275667
33.705796106
25.1843048473
30.7472829542
25.2307846063
32.0182168311
8.74463498594
11.8459806655
15.9552832802
17.474862024
30.3195580798
11.7813970174
15.5452863379
33.4666314761
29.951601139
24.7858366024
19.2325983456
19.385235698
8.40215142431
15.5565156912
15.9253314073
23.9224455617
16.8499325948
27.5869355292
25.1229610702
21.8147004072
27.2600645436
23.0905316556
26.6465075421
32.2043029657
29.3187920279
23.0361215999
30.073684536
34.4001823137
18.1908118969
28.0974312969
30.1987228847
13.4957205514
14.1445729526
27.698396611
13.4624647365
10.8166683385
19.7565737546
13.2469775174
13.8282871134
30.7579752639
31.7863345058
32.7539124093
42.8485215908
32.3413919929
14.781816066
33.9002968208
33.5423429043
29.9159811443
4.19309083697
31.0632398683
39.1327713497
18.9008660725
22.0829227737
22.8004269542
8.50990193009
25.2428215995
28.7448290339
21.4893254396
11.3660566049
18.4384506007
25.4076478802
9.49070816821
12.3282195679
12.4831008778
19.1014776468
14.423772162
16.0257643182
17.9127507774
21.4013301695
13.867156342
10.8011943367
12.3952063835
13.4380000414
16.9053659609
10.2830352943
12.4473902671
21.3719487234
32.4160740035
24.5576208324
33.2947785539
37.067039154
30.9492763729
29.9598101207
31.3769015679
28.7845353835
7.58997974598
21.5374662102
22.8234776079
7.22126443997
28.5368044098
35.7212536473
28.399226134
28.9944048739
31.2291746034
29.8725046065
27.1298888923
29.6965617295
26.2918595912
25.3956338865
35.5525303199
20.2154899047
20.3200085383
20.3211034424
17.0259158938
14.8809487582
39.183243591
19.3000118458
25.287947921
10.2341119389
20.4745864567
28.5214961257
26.5624113607
27.4294842975
23.8391787788
31.2013715247
26.6805520528
25.2031575024
27.3801757494
31.0580032297
29.7862957826
32.8296473144
30.7064535343
34.9343764276
31.0050356991
29.7036350993
11.5302643667
29.7569781817
26.4256963302
25.1501595424
29.7174641152
31.4376859874
30.0074095031
28.8408744101
30.3237938732
28.9598260236
29.4711308992
26.6273291193
26.2548741055
25.3724289952
33.905682024
28.453727551
17.4717878203
36.9327516811
37.6637397892
27.7810970035
29.0540485248
29.4929681297
34.65567753
27.8486873297
23.7272878476
29.8067852272
23.7875384596
29.3395453124
37.8102699482
26.9171062903
31.9581388014
12.7699728273
37.484672406
40.4435368563
30.6286519924
34.4299822449
33.6142740816
29.7444050422
27.9727996026
29.3473077979
12.368703705
29.9881723309
30.8228245183
25.8139965575
36.2136537311
35.8252032584
34.954391493
39.0054860324
30.073114453
35.1316064684
37.0545012943
28.1260135994
33.0188401822
14.6013107856
9.01983939229
18.5724022394
9.04520668086
8.65040757091
8.04759058791
8.29732094169
11.899590657
7.8206764056
33.8904115408
35.5020892805
11.544993095
33.6356391601
24.2905395815
30.8938921638
27.4511121068
32.0628662227
25.4128381858
34.858351924
15.535423297
13.2080753462
40.3078668307
35.2672990389
16.3734781123
26.0034978649
29.8576288441
14.517934401
18.7491994695
20.1215204793
15.5679137549
27.1703877625
33.9808771776
28.6013682411
20.7699733489
21.6977930905
24.9439748243
35.039508846
32.4889189265
29.2303368236
18.9977209902
26.8198734406
29.3878234877
24.9165599792
26.4692763552
32.6262196215
27.531483717
28.208746287
30.4788817339
32.2867751763
15.9265543203
22.3849694409
32.1008727266
30.1484199855
27.82872626
17.0617818606
31.7883428653
22.7470759913
10.9190521584
21.4316985753
10.9191725984
11.4171347356
26.5734048507
14.3922384251
20.8263722751
31.6676836604
20.6051605413
25.201553675
27.9052813679
14.5290436891
20.7460842633
37.886293452
27.4196843314
20.9601304388
25.9143094788
23.1577350727
31.349173629
27.4119359666
21.7557912836
33.8953649682
37.5102743804
29.8628787718
24.503074906
33.0698967731
24.4131479186
18.9800378571
15.3515018996
25.1267981039
17.4784198439
22.9829671227
16.6522272287
32.9254258592
16.7057474294
32.1726575208
26.5047183757
18.0715595141
25.6607611087
22.4700892388
23.1018537771
26.4493135125
35.4546173292
31.1210900738
30.1299170212
30.3357980388
29.1036196409
21.6909728596
27.8239105777
27.8109035356
29.6172212993
20.4318080942
27.7052867846
35.2890696771
21.8334376796
29.1177255501
28.9353571783
25.441403355
27.5287694886
31.7150008797
29.5487829585
27.0684597385
29.3398751213
25.0816936833
26.4544503032
21.1508326123
17.7033993828
27.8010372563
31.3496057669
18.1301662596
31.4773848056
24.402218523
28.5157994215
17.0095941663
22.9277659016
31.4721563871
24.027314518
16.9480257298
20.3956864513
21.2931073246
31.4167097454
27.4268519511
27.0864878993
27.6409515558
25.2042267537
26.6410806653
27.2060726151
36.1621728149
28.5976809669
29.1373492879
30.134540008
15.4979317923
35.0846805084
26.3496643924
29.1214999567
30.3120133352
30.5214502825
32.9554308585
13.0409359662
21.0088550189
23.8531790116
24.8089417748
23.1825154078
27.3325908487
13.5908385013
33.4269997031
28.3331991724
24.9476691994
10.7128745098
10.885050649
20.5663072361
31.8047274142
30.1653847079
36.8091408604
31.3008125474
15.4304862182
29.4143423905
25.406317779
27.3706147461
33.0702988725
2.61427750204
25.2707692815
24.4942481441
24.1944024603
34.9812046169
31.8070560593
29.5057319245
31.2328320245
18.8303288188
19.2214442016
26.8194436721
23.8465069787
33.197030694
10.7923183224
24.1937456545
33.2576662178
19.0461138857
23.1658241108
27.9374933119
20.2475182533
15.8988013343
14.5407150067
18.4751239804
24.23018235
28.9814345453
16.2138359708
40.2144328048
16.5580060386
21.3628969255
26.9177752791
37.0834700701
24.6511489716
25.0925165474
19.2159020612
29.4555374767
32.0579405303
21.8222224005
21.4158619694
15.3584652549
30.4206506801
33.6570313566
30.3431879475
27.4764557575
24.0436944672
31.6763546809
30.3334834238
13.7318140272
33.9034370935
32.1698596021
38.3713409423
23.4186584485
23.4949786105
33.9777151339
25.8482474212
18.5829205122
17.7165666837
22.942287896
28.1204240855
26.5100222816
17.0050199694
23.3160990997
25.8937455683
31.1026955971
22.9330781805
23.1906545446
37.0563024723
23.127376513
22.5612858668
26.806230366
26.7277425375
15.2050962458
26.3231638443
11.9308007349
31.8369865527
21.2962957884
25.7606405306
34.9718634623
37.0589893604
33.4098186088
29.323130282
30.6518901263
13.0809919891
37.9249027949
24.3075009837
29.8610802243
30.7288240777
21.6843852722
18.9761974712
22.282889076
24.5656483649
21.5896758013
25.9923215394
27.094277171
25.4694474026
33.2213367705
30.540878384
29.4928509383
25.8474980064
32.6859835394
39.2186151265
19.3496565129
20.5057450952
16.5259729076
2.16637153734
31.4037013099
30.4179259485
32.8146344305
28.0545535714
36.1238293342
33.1021901229
2.27474859951
18.7615889932
21.6942238059
31.6651958468
22.9304864228
33.9221995556
25.212444559
31.8740742813
28.6327489151
23.4934240812
31.5967531092
21.2056013377
34.9165234829
35.301585563
31.4290642297
33.6043608438
30.0410199817
35.3604804405
35.9515413079
27.2262828842
32.726149843
29.2646670899
29.4090169599
20.8310460335
25.9112160836
26.8769245826
29.9363263496
21.2182086834
32.3588150664
20.5755704761
26.7120807549
33.9530199327
16.053862161
26.584137383
25.7183034005
13.5814237527
8.36206244485
18.454871274
39.6237462084
13.9956710886
13.6092812992
21.0950750412
8.3339711906
22.5973031708
22.5988239617
22.8552675897
29.2081613432
27.2878593716
26.2945982062
18.5942883916
18.4423992432
27.1441705594
18.6852970236
32.560910192
36.4277782543
32.049838387
30.7370131029
13.1214821615
13.7474126961
11.4337807944
30.1699621579
24.4276501171
14.5803110206
32.0213603499
26.8920013228
28.6710570981
28.5890138914
33.9711768314
13.5194154685
12.9154705805
10.935520696
14.1799887186
35.6938538085
31.4329282311
32.4186443723
22.6156812075
41.7277964871
38.3028423923
39.8876751426
31.2482063358
32.3899758179
33.2873710875
22.6490209434
32.7676140881
30.8386651135
21.291176615
39.8174389964
32.471328022
39.9859266693
3.62425226666
29.098568354
24.8961121972
26.4383129096
29.5748593728
18.6858403769
17.3350389787
30.3284911884
28.7590093951
29.5970565905
27.0968457952
23.4779595892
26.7037731615
33.2915809231
22.3752553285
14.9063839968
13.5601672393
17.4818153508
25.8673592714
27.9831106875
24.6557100403
32.6134206129
42.2505928997
41.6195657006
27.2856266352
32.6940104074
30.9202224178
26.7273441631
10.8419754101
24.3390716877
35.2421372522
23.2531051264
18.4899273063
18.2621735728
15.4106915742
22.8976392852
30.9911021263
33.0575780352
33.2541445464
25.045810338
21.8472225955
34.189261673
31.6193280768
9.83987487068
21.1343892194
23.4591719148
15.3476689696
32.7723997924
25.732567673
33.6120876393
21.6974686957
34.6015516819
24.5663316704
22.7091831671
24.0537526442
34.057374094
26.1223675261
25.0193288057
32.1840445406
22.5322512615
32.4231260321
30.9384913691
28.5963222439
17.6616408926
26.1048721564
38.4089014235
12.8082497514
36.0977763147
25.9440032616
44.6422654549
12.4524068298
28.3734219104
43.8428964478
39.4331850994
47.8754363072
30.8094847016
30.0259869224
34.7056715021
28.8119144368
33.5992466733
27.8203995441
31.5948365539
28.4851941577
35.0309462424
37.1350302198
25.6016273331
21.6882974219
30.1312196436
30.9279003358
32.6078174505
21.6197618948
24.121770122
23.0395699331
17.9010150636
33.8668310919
34.8134634817
31.9129604176
37.6482368687
18.7577113322
32.9452080135
21.2599296221
18.0881165813
33.1691494562
20.5868568798
33.8180873314
33.2670553523
30.3495922722
17.4618828581
33.8598706992
36.8874221248
36.2369477118
34.0816298398
29.7884154656
17.1939349774
30.661061729
19.9667621156
20.0244164895
38.9493449701
36.4423881999
37.1627899896
23.6896349015
39.5235030708
21.2398886869
25.9969193565
18.7722401402
24.0992167416
29.0514380524
31.5676478723
27.37500035
33.7245825291
7.92292789547
28.072267074
26.9970619433
23.3599824014
22.9068808765
35.8671040274
30.2944660193
26.3257629125
25.4814850265
24.6923416574
25.4362931877
17.8139135203
21.2778987473
28.7273601094
26.9845550174
23.6497079733
32.2623707675
26.67138013
20.15278032
20.6326494911
18.4971879782
22.5336023488
14.0342632824
19.8609831555
31.5182313921
31.1349825056
28.2411881735
18.8302817756
30.9960579468
28.0866457844
19.2226013348
33.1095626097
26.2989334897
33.9854324702
29.0116944797
28.3510162333
30.0291019607
28.156324853
34.6792986577
28.9387514853
29.9775687631
29.9968695743
34.7978369188
34.5125268088
28.1876415353
11.505128977
14.9962314163
18.5725401383
13.0897866464
12.7454966354
15.8427712799
16.0384035973
11.1632969307
17.1145261968
6.15497963591
22.3467368113
28.6747147278
6.96294399252
25.9194789987
6.86492403233
27.1490221795
35.0338480007
14.9595523932
21.0530886103
30.3801358101
11.3944207586
4.84291912218
9.45238482512
37.6383139739
35.9785422418
32.8728787698
33.0753720164
21.9623174916
34.8282924822
26.4469392577
31.1934395548
33.1404130967
35.8299821142
30.7617243294
30.7003106066
31.4424291083
31.8002822637
18.1903358646
33.0291937948
33.6638881318
38.8677236063
31.1564638036
29.8123545358
32.2887768105
27.492442779
36.8474841027
28.278164366
34.8824268556
28.9034881646
39.7416962228
36.6399716201
33.0296808043
33.0303472138
32.9933593422
24.8569105601
35.3111830853
26.2826739079
31.8452923263
30.1826281056
31.9714051374
26.9509554375
29.6625141579
28.611487735
30.9169895574
33.1853811423
29.1979845563
35.8232429972
33.6337911345
36.2076616964
31.7457434495
32.9121341442
35.3993712077
40.2475857255
27.3808111688
30.0978424365
38.0674396604
35.0768102727
36.4001697902
27.9090204035
33.3925773548
26.0127678402
29.4540325923
32.3307427926
32.5295551454
26.5334269971
30.3699017372
36.1837445107
31.7070795584
32.3939186932
29.7039706861
27.5862911217
28.7223254781
35.1929626701
24.6146751577
31.3977053193
26.1372970852
32.0230650907
35.6236279202
32.1278911537
27.0151783229
35.81795731
28.4754847386
31.7878783978
27.7921427645
25.0274538675
28.827422759
27.9903995424
34.6669122109
38.842908465
34.8961117236
38.6175697822
31.3947040575
26.2727896932
16.4281211159
14.9920972353
11.6217875994
11.7893687662
7.64999428509
14.564015189
9.44591453296
9.74447645053
7.12752508874
8.87989475334
9.93411841503
8.66575724475
8.79412605241
10.8296831852
6.42578783079
12.9736290272
6.85834431012
15.1275599077
8.12875060695
7.30321428261
13.0665548249
11.9718484608
10.569569501
10.2829151974
9.18250561187
9.64983970829
18.3644829606
12.4872629064
8.63817112215
11.9098972915
8.48445749941
10.6064182579
14.2636996969
13.2164532316
11.9708546675
11.2544549551
11.2035635451
10.7612494218
14.3081073952
15.5017668388
14.5528112107
13.3399634534
12.0607663523
10.1689012166
5.09048881812
8.01527281483
8.18318728685
13.9410255138
9.73822556932
6.91192592657
7.39626091403
7.79461497753
5.6153554266
7.54542512405
8.12315758827
6.92469114641
13.4869170463
9.56590142616
11.7769310475
13.5428901689
10.9372667727
7.72100306142
8.83493375138
8.39206971622
7.11196166381
7.24799366457
6.80027573966
7.11285381318
6.69285305783
6.98732425938
8.00790256584
9.54387088195
6.34478348568
12.6538949557
20.7001190724
15.821187336
9.56299435093
11.15149561
7.64804064005
10.3956198786
9.63942083384
6.94952086832
7.96813708589
10.8583109209
9.44330004706
9.24761090919
8.85187534264
6.16096530772
10.7661416809
9.25354508487
29.1207666227
28.19979926
33.887509465
28.1088258268
26.1705471082
34.7893584462
26.2650826505
34.2697120177
33.752678596
27.6560744429
30.3961386361
25.2722877697
31.5525065937
37.6131679147
38.1094689527
23.2563506395
41.0028583442
38.8663974243
35.657616669
24.8850325246
30.1259767905
36.9128546015
33.3764641182
36.5850646431
32.0621515618
38.4367416662
37.1502001548
37.5330275671
34.1369472822
39.1098017047
27.538770022
39.2778066785
32.2437660499
29.6150870286
30.445108388
32.1785083082
30.9896442145
27.747592333
39.2126618192
25.1163898227
34.8547032608
17.2740187869
33.4479562559
29.577685919
30.6812163604
29.891974434
25.591133506
36.0856237454
37.754518929
30.4648982946
33.0812365996
32.6748387294
46.1225238307
32.9928065685
28.7094906289
39.1267067758
28.5651793306
31.297975281
29.9809967222
32.2896250836
28.6555154631
36.1924293553
41.0566723581
27.2063194415
36.7123681553
22.0728773486
7.94527801159
7.10257970165
7.47181771527
10.8882338447
20.3565148977
7.59652088805
6.68617888033
5.47280611315
7.59900868687
6.88778154143
6.59875977148
8.50473675651
8.64629427482
12.2944314805
7.15823885424
8.64352905487
7.46110162799
7.11327128756
7.88894393459
12.8793738307
10.651541531
10.2810283588
8.5048412644
15.3581207728
16.7133177169
18.7549792364
10.8747405399
13.8591895816
12.5500013377
12.0455431202
7.24208092012
6.49110710311
9.39675517156
10.2641297792
7.3377765556
6.80293051642
9.25287650751
10.1171470341
8.20698975913
10.1418952871
5.60168917487
8.68867744226
7.72846527933
6.36424883541
6.47235234916
18.8946571843
11.7367748386
9.36469023068
9.10453599366
10.9860714546
12.3870809815
10.577638878
12.908098949
14.8173454526
10.0661740027
8.36010599157
11.8321246021
9.35004329522
10.8867570795
16.3827668932
16.6000777166
12.6917357619
8.56378704698
9.60385693209
12.5316027081
11.094480318
8.84841882541
12.4034132565
9.78774416275
11.813351269
14.2329092314
11.9039829693
7.21942660751
11.3675758288
14.3720627805
11.954349477
11.398861969
13.2582705131
20.5002197463
9.66431252488
9.5054733351
18.7430727841
12.4566483272
20.042513284
14.2995134373
7.84316402284
13.2376426151
8.65520649366
7.06512763823
9.91680841971
9.59948196839
6.35536553748
10.1127638708
11.2618321898
7.81116975361
11.7963295361
12.2958801525
7.31011243621
7.43337634222
18.1251365906
15.6272482697
9.61405812713
8.11707905794
10.1705066543
9.26329123193
9.4805561112
10.0231650663
9.02236231393
11.4426301134
7.66374155572
10.8212516498
20.3344138751
11.8739208579
11.7413321516
21.0211781317
10.2064447225
10.5286166788
9.78950275564
10.0558827293
8.02246780448
10.7510806369
7.93528603757
11.0654937635
6.18802075318
11.7226044554
7.85600845026
9.78372276237
15.7739130248
13.0685390952
3.75329345218
10.2924447884
17.0338216133
12.7181193928
17.0388259438
11.1582062564
11.6240909714
10.0946993738
16.3926611342
11.8864168606
12.9746679646
12.255999767
15.0773514729
16.9868061399
12.1387482952
18.3639482793
15.2015376404
19.1020762527
16.0701490995
15.0341865628
10.8282173656
11.4097727937
14.2323371101
18.7925762689
12.8131183367
12.8955405624
19.526760255
20.7049156563
22.8896657396
11.4868366671
16.7787161916
16.389090231
17.4148768845
15.9033335864
13.8309451735
13.4230708956
11.8296226608
13.1638532741
9.64406193064
13.3309545804
15.0222230252
11.4998396694
13.1425493168
14.6348724399
8.41905844251
12.2840591037
9.6982140481
14.3623586705
11.6613121415
13.931844688
14.8958103888
9.71414972568
10.877520149
14.1917775437
12.0214938556
9.71996418435
9.48327677161
20.6458257477
11.2384904093
15.2648015006
8.44710575663
17.6967935884
17.2772256878
11.4697138963
14.1296425545
28.5695947469
14.919809034
14.4279674843
12.6244424105
9.27188758263
12.4713251662
13.0069375483
10.9439141068
15.509905792
10.6008673662
28.7387815723
16.5693162119
10.586041108
13.7893431771
9.79446172243
11.9684083772
19.6261200856
12.9796762352
9.83714861036
16.2469203194
13.9240808893
17.671801011
19.172915022
20.6414070466
11.2828834157
11.3072296043
10.7274116994
10.2924447884
8.92638248296
20.0174140145
15.6753404479
12.9379321823
14.5095825811
21.389463666
15.4273453221
11.1816111913
19.3265868069
22.2846973536
25.7030720978
19.1076984945
15.6734409636
14.115963204
19.3635942415
17.8621352725
24.7809491245
9.26143321365
4.79755502297
8.40243573521
4.08768769594
8.22345170273
5.8880179078
10.0592968313
15.9511942382
11.9307923491
10.3180118323
10.3753034756
14.5519007468
15.5451761225
10.7828508111
9.93641890234
10.5507963065
10.8666882934
17.846828737
23.2432141124
9.27708417723
11.6659321977
18.5085564736
15.5453838653
14.6083896302
16.7872714159
13.6681669945
15.6610663478
14.4502679933
13.655181122
14.127566631
18.0207804541
9.84671706272
8.05103172471
10.1259693479
12.942223555
12.357543315
13.4579069657
14.8606463633
14.0830437594
15.8854519029
17.7341507748
13.3744732925
13.4494343707
14.3629980288
10.0926355752
11.1384617897
8.19003994106
13.3456738353
11.742975989
14.6976750599
16.2165917412
9.96957822265
9.32118684735
13.3431456787
11.2790691126
13.8616453462
13.4895249644
18.8697504018
10.3674153471
12.0888903068
18.2608942228
7.79704956757
14.8577493736
12.8337538581
18.650570099
14.0839515454
11.7820582465
16.7944450757
10.0174785644
8.90825108339
15.1522930442
27.3369251569
20.1989781701
14.3678611618
16.2621082918
16.3295541836
13.0689798604
17.5277337869
27.9012864256
11.2405804949
20.6287598134
13.9006107879
9.21988895219
9.78440535469
8.69508529691
7.29251708195
14.7016420125
10.4401488015
11.7080654798
23.9865150911
15.2279295288
9.15226200204
12.8355220977
18.10637796
11.2039913944
21.3032636989
23.259343157
13.5195626836
15.2747169198
18.969432573
15.7120909203
18.8917697781
11.9119497492
13.0353385534
11.053137289
10.4241731812
8.86289878372
8.31792068712
9.74676957779
9.35122095438
9.9881199166
9.27164780628
10.8682487522
10.811316896
17.7376372397
11.8354949671
8.6490156229
12.6477736622
21.4208402509
8.73453930276
14.6033577104
16.6912318045
12.8242747931
18.4617628869
16.4418171346
14.8651123653
11.2555857578
8.39636460024
15.6219929065
15.3711912721
16.7953387531
10.7171314933
8.87965523586
13.902646575
17.1026624879
17.5753071719
15.3656500389
17.0592425889
12.7747941115
11.4378996679
11.5200241317
13.6520754199
11.6890296127
11.9772350473
22.4803672389
14.1728674089
10.9212686082
12.1343989078
12.6652688593
9.33425818604
15.9073610884
13.5603054113
17.0770460716
17.0542732129
12.0970464526
11.4302645413
10.5859433875
11.2168412849
10.02725771
12.3957273682
16.1967228084
20.0957895473
12.027173759
12.0808595494
11.7674468186
13.9196892653
13.2907934552
11.431563175
21.2228863351
18.028493722
13.1144563168
13.1179033777
13.0702370328
17.9911339782
18.85941882
17.797099666
15.5282625556
14.7725121365
18.0431712981
9.92584376377
8.15595788337
13.664560928
13.6416559522
8.07327638752
13.4239982712
9.40243933209
11.6113818803
16.1419369986
14.5194814018
14.5183786514
14.1269329467
12.8287362034
12.5939170621
11.1008259783
13.2924520913
12.752674932
13.7822273734
14.3020707268
14.614711031
14.5756403194
12.5030199346
12.827682557
16.6609075078
13.6354142161
10.5355939577
17.610390116
10.2531227203
11.7370800554
10.4114700654
13.2533651587
15.9494251069
18.2799335199
13.9679845891
30.1135663352
20.8666437442
26.0889494864
15.6670328234
26.9925815302
21.4949020207
16.7419718678
22.2214005534
21.2911174847
16.5738996378
14.4755502591
19.734832353
28.5942178383
13.3170095812
27.3960522172
25.5333160572
10.3905697852
8.58535815029
0.37243574604
6.64148932016
8.46206594513
6.30661558454
1.50032022462
8.95169110892
11.9666051963
4.59812457716
4.03527599835
5.23418446245
8.02097015055
9.62278814057
1.69425819692
5.65378922309
10.6679461999
16.891125165
2.8327547734
3.24917118009
2.68936333369
2.86983493381
4.39966278374
13.1662842886
8.3386196395
3.11119356444
3.25130160083
4.33040503957
3.53176725217
4.5853158708
3.73717790029
8.3258569522
9.07901558051
0.475404667586
1.93412793303
5.68848355721
3.78934810924
0.421012166607
2.60093313362
6.13454817393
2.61808442665
17.4436126002
6.37790610715
2.64907526885
8.71995664632
3.81818839356
3.68081173413
6.90438414709
23.9524336983
9.51520069569
13.6947094959
9.34908510067
18.1534274134
0.328256631118
15.2578017687
13.8942064547
12.7398341682
26.0936962853
15.4572338433
5.05299953679
0.428241649883
4.82002966884
13.2041858264
4.09189376122
17.0035616513
25.0929370028
12.8732221677
1.90155768494
1.77802373399
13.9373140188
12.7171113494
1.95663013321
25.2630570489
2.49482323715
18.8673869842
4.67724498611
8.91716805184
8.10541670225
12.2704448641
4.21322176227
4.35937761179
6.56298023761
11.5427525613
16.6757890224
11.710179473
17.9317564358
2.10794620976
9.89863943969
3.05049359698
3.27871278838
27.0376992695
4.34755951315
21.0567511172
0.370662538616
15.8917526721
4.99120619673
8.67074942159
6.70332529819
15.7525707801
9.09867905196
20.576664103
9.91070540079
7.6632742684
3.25378701475
18.186383187
12.7244756308
5.22788705516
15.8861063197
6.01325515881
24.3157463876
13.7905924676
15.7246835983
8.06721265334
7.88861600437
5.30708491176
16.4718283959
13.49981071
4.97090697807
4.73267141999
5.5330062012
8.98634924768
0.357218047868
0.408576222751
15.8726385171
3.38373649578
13.1729543005
14.9575567276
16.244392462
9.63107051799
9.42973096246
10.7675943239
13.5098193019
7.29842215341
16.821609948
17.5357071393
14.8244448513
16.0116536613
16.3562003129
14.9233204204
13.142947996
12.4542384774
13.3789863118
15.5172696491
13.3347227004
14.8254544163
6.50230089789
22.5711073129
16.0396929374
16.5791118261
15.0782135411
15.1006418673
13.2048840438
15.9949963671
15.9728860517
11.6806256265
10.9611943668
7.49355387982
13.7347014142
16.3171540395
3.84250360019
7.99768165715
13.975503194
14.2534022272
15.3058412005
18.2664137926
14.1635740549
13.3107888539
15.6683940485
12.262510092
14.0673380027
16.5706980436
24.1583225369
18.476463404
17.2272744995
18.3141197743
4.0914469585
16.283291082
18.8596376574
9.46559751713
12.3577481369
12.5344895835
13.5291666894
15.9333364866
18.5424787182
8.02385050096
18.6132668727
14.6814458355
11.2664686592
11.3262515708
18.6609176539
16.9651006147
21.1224780779
19.8383305429
24.8354149837
23.3660058913
31.5680225919
20.5770254946
32.9038324895
35.0945857058
20.7573522803
33.8851532596
18.3841268825
27.2016642602
30.3615957087
20.7618564017
17.6195682622
30.0168777649
23.1123820561
38.2740727785
18.2822660541
32.307184013
32.3089186631
15.5517356858
31.0883541722
29.601280918
31.9772080994
30.009496416
25.3387520676
35.0876837903
29.3828161811
23.3150712241
27.1510856336
28.5747335616
21.5694008629
12.8789126902
30.6409216354
24.9744578834
21.6980109244
36.9650043649
18.2437815104
26.5746199247
24.1551979788
36.0048170194
19.3630416836
19.5178883112
15.7220279019
28.5146173568
28.2728868963
31.1931481362
26.8738133163
31.5385934163
31.0226277627
30.9594201325
27.9931350556
30.8479105718
29.4406448475
31.5392697975
29.8729465568
28.6062320342
21.2800976133
27.3842907184
26.2649118997
28.7051647336
20.7613889349
26.3401254911
18.983835548
25.6417810548
18.2763187186
23.4547975787
20.9963784572
23.8994847649
18.371979705
22.9095705379
23.1537125347
24.5443549933
27.7179779298
30.6922178853
14.9402697704
19.4165206544
26.2795145439
22.7174046125
23.7147105542
24.2160923521
25.5347085917
18.0248965314
24.505020546
22.4202643127
20.3946526572
19.0987502439
25.1836676237
20.3520111525
26.9267529937
29.397852886
15.3175144765
23.8825138581
21.8869827225
25.655223084
23.4785603007
26.7991558693
23.0347040406
19.2989764672
25.8944894497
16.9161036161
22.5537303795
21.2773694779
14.9864362823
7.93036413959
9.64205061159
29.8309988694
18.5553996509
10.7630257554
19.3939962017
8.17760818312
19.1767484246
17.1715229533
17.2876076101
18.4662616801
10.3550515558
21.9154999007
21.4712054701
22.3724316085
16.2994500008
22.1820242099
7.27457586687
22.6936349333
18.2584863671
20.9793105142
19.7832346005
17.5884701207
19.3538078686
23.034066278
25.9479255565
23.3864171789
15.623105106
23.2717054095
23.9839398258
24.2548696074
24.2350548207
23.7466122475
19.0264924418
24.2284275629
20.6506245366
19.1187874245
20.0618488163
20.6346322134
20.5454263958
20.941704333
20.5956486788
20.2939271216
25.02098565
20.7404667996
21.0001999645
22.9874763675
20.7492696466
20.7501801409
25.2840215135
22.6791980132
21.091592977
23.0871463754
21.1893106463
20.874895327
22.7368009776
25.6516496105
22.8607503673
21.3847873966
21.0419441711
20.8286395218
20.4536090042
9.23183339441
20.2592722564
20.0474034024
19.0640243235
18.988839975
22.2077575611
21.0618643112
18.954105104
19.0463268897
22.1087566881
22.9375311284
24.7944796872
21.4816463035
16.1596355518
21.4701588617
16.1709249793
24.1480558093
18.7271416483
16.1358259384
20.4606670609
23.6364973325
19.4919564932
23.0462168224
25.1558362188
18.8489741465
20.5609789386
24.7012107868
26.9324257806
27.4818249586
27.2101512909
29.1902196543
19.8516162903
28.2456402808
28.2995116958
27.6409252725
27.8848282872
33.3646181639
24.740110552
24.1139427218
27.4852447644
23.1738010159
28.5204412415
25.425056082
21.4532468722
21.3687870529
21.1062063712
21.9254129702
19.6808249663
17.1508634618
19.5904064729
20.3473532973
20.2422846252
23.3962460634
17.8213060184
22.0480417988
18.4937948105
21.9403157957
20.1542487617
23.9334733331
17.6854420769
20.3395513602
18.5493652061
19.2588283756
20.988136891
19.9685955141
18.369956837
20.3850939188
26.6309981865
22.9899947986
12.414611314
14.8984058878
25.7621128722
24.0067825034
23.3018770871
21.9223450765
23.757140375
20.4736759682
31.0445226533
22.1903609424
20.0628711361
21.2512595183
22.0229736565
18.3720015588
17.1877061791
26.5046263563
18.7115502788
18.5859271409
20.9893854257
18.0841777296
20.556071268
22.208221424
18.4358135981
18.01998452
18.5447496941
39.3195955538
41.5578109591
40.2238887123
18.5596108337
27.5971883611
20.712173691
36.9450826884
35.6290184981
27.8416987932
39.4020547853
33.5302323623
33.7249511654
36.5030281809
32.9218481803
34.0589768361
35.5836302316
34.5581986362
36.8809200481
33.7995805197
35.3840856417
33.059190955
37.9831842479
35.2669109364
38.1870722992
31.3274457664
38.3778742644
36.3822290661
30.964373329
34.3649293605
37.5931343563
36.6771332021
38.1505129427
34.7113505816
29.8116179389
35.8011269499
35.060010364
37.4260504515
31.7111138844
33.6937361084
38.1048649637
36.7898694717
32.3770055786
35.436727812
24.896648175
33.2125044301
38.2520295577
31.5507483883
39.0169822246
33.7272837739
26.161177776
34.0368301668
30.8352478188
34.4052927732
29.0699899784
37.4300104849
28.2854744231
30.0978126167
29.8195437751
34.3780503041
39.8183251992
40.4566531928
36.8689401698
36.1247160409
34.161855398
32.3016045682
34.0411385302
36.3753000125
30.6350985065
30.8810282125
29.4529087389
37.7771152246
35.7675699194
35.3409561841
34.0473833558
35.5733301445
37.7982200374
26.2725182476
37.9879262331
33.237678377
28.0685581545
37.0039066789
26.7016578225
36.0096764471
26.5256183987
33.5499733134
37.7931512943
21.8210228742
29.2239610766
14.872635414
21.2985275843
21.0939388246
24.6067192613
20.3465363973
20.551153624
22.2981454293
21.6265457729
20.629195499
21.4697627897
29.3930618952
20.4139575653
18.9764951269
22.7460952681
14.806817002
22.4335000564
20.8196080289
14.763729226
24.828630382
20.4306799596
17.7827836525
13.4939079987
21.9106364938
22.2571761827
21.4687317158
20.5205372267
17.942362933
26.9856306826
14.0953658828
17.6664428518
23.6456303085
20.349640825
12.311928584
21.7817717111
22.0104215739
20.2655740186
24.2534994273
17.3326894544
27.5558751874
26.0197179592
27.8360536792
16.2038650325
20.9431170716
23.4540765614
20.3221622272
20.6426740219
22.2245700709
22.1066948833
22.5070303418
24.1050052071
22.2018792541
28.9240034766
20.2186392008
20.738163338
20.3345255738
22.6397494266
20.3599181987
20.324571239
12.9406895318
21.3994510025
17.2818965811
20.3339718914
21.68139695
22.649032856
13.124963659
20.8973135861
26.0703817504
22.0904506771
21.1019393727
21.2543096208
26.1522948195
12.3175104486
17.3132351554
14.9168069857
16.5598356837
22.296578817
22.7565955261
21.799288212
19.7360708894
23.0934728124
17.7152939445
21.5468643603
21.062742664
23.4331364358
20.4017253115
22.9342179968
17.779060802
22.1424813881
21.51359826
20.4127382964
22.1850114384
19.8528033593
20.3754901116
20.8142476596
20.2340274832
34.6055004228
20.6806990837
27.5215133219
28.2246473813
34.803225194
28.4879771303
28.4701007277
28.3205257286
27.9809632802
27.5327111439
27.8033234652
30.5686057264
29.1032647523
22.5342836099
27.0101842551
28.4648695583
30.5735168495
29.0425282317
22.472758968
22.9733620968
34.8539176187
27.096905618
23.9970038035
24.727569907
23.4938103012
23.5337512056
20.7327010358
20.2961054621
16.7312060221
20.9648626784
19.9778979573
22.4354953023
20.5260951291
24.5936898153
30.6986671314
23.6196368921
20.3466211126
21.3347061008
21.0055447368
21.4685992508
25.8222273079
23.0826731844
15.7851129346
20.962275538
24.1912281641
28.854994718
13.9816518662
17.2462601832
19.2348675166
20.0283964199
18.2647802337
23.0735306853
22.783548779
15.4814536945
17.7110719707
19.4619492161
17.7236187497
13.7862532032
20.5135972642
16.6587197563
19.7001086564
20.3435800507
23.6582504739
18.6415928455
20.9589524928
20.7966213817
18.0737710913
18.0734545455
15.9988820308
27.5022759245
17.8540905137
12.7067963212
21.5150875119
18.2554508014
23.430575764
25.3008257768
23.7781456338
24.7047112005
23.1605111508
23.749091039
24.3832964538
24.6068812369
18.4266466595
27.6027556768
21.9608861327
25.2667476782
10.9477516298
18.4905998611
26.6371877495
20.8801812355
24.3621148035
31.7230447939
29.1351198392
26.5652021591
27.8435799287
32.7371441721
28.1777553397
27.1235408672
24.9165053659
24.8184529319
25.0154393718
25.7780071466
28.6716482583
24.0228536772
26.5312087719
18.2209970979
34.1983909258
28.4779944234
27.21402638
32.8817288448
21.3307378486
27.9783085969
27.350015388
26.7142255989
24.9350925802
25.6997956725
25.0140784067
29.7333643867
29.574098774
27.7668450317
27.2480505514
25.792352845
23.1318131238
8.11862953517
9.06572863925
26.6940584887
21.3768300985
23.1039397677
26.8146609508
27.2289368824
26.0526119726
26.1319857567
30.2751263808
25.1284550225
27.0962499804
28.4361066941
28.2331348018
27.2231573198
31.7281360882
24.880425031
25.8576075609
28.0207395162
25.0122596555
25.1428683484
28.174264854
7.89021930987
30.7576570647
23.0759763027
25.6938336996
33.5322132669
18.1668183916
29.5166207827
12.4038956612
31.0808433046
28.8730619303
27.160682822
29.5036088371
28.235921364
28.309167758
26.3423783139
28.1526339458
26.1951770899
26.7390169466
25.6326018605
25.4935161803
36.9240572351
27.5406621527
25.7737549116
28.986051178
28.028501729
25.4148811557
26.6030152292
26.0890836941
27.7951399487
26.4668746323
31.4615047329
26.3273492884
31.0232046269
25.9754351262
Average: 21.6706759094
