37.670468284
44.3474863372
28.5054268452
9.52613593215
11.6363813902
16.4732824133
236.994412368
29.2181896336
16.392952962
194.047633401
42.0262499554
16.9111032843
35.1080089642
40.1870593984
38.8753478694
41.3373230876
37.0537855781
50.5111295107
32.7262461549
7.35720570136
16.0803440811
36.1026954452
38.3942405061
38.6928983571
188.841603146
237.108245846
41.5875732093
33.5267753819
38.0776485674
42.9167599187
45.7216265353
36.8630893225
37.6343624922
15.2798186403
37.2219642589
35.4014176336
199.137459745
17.5290860783
8.46045217378
190.640835105
39.6177892019
237.268237194
41.1343851038
14.2716853394
17.0508306293
37.8318348083
38.5512338419
40.7936434265
130.268199933
237.165186154
27.5499192855
15.0739916554
7.46990681779
39.1328937106
16.366518871
16.128448303
189.219719051
40.8039722545
16.7119696561
38.2073322173
38.357519704
37.936058963
37.3355401711
36.0570333014
9.13179155421
15.2197711708
45.3323888308
38.944950502
40.36520657
16.3594806634
13.701395824
38.0591220551
45.0597306171
36.7912800436
7.34361238746
25.9523380732
16.2607175148
15.994990495
237.268182601
30.6004373481
38.6937928415
41.1480554479
38.3525695631
41.4484481107
16.0036521927
36.5193353912
37.3805158406
41.4781408135
34.9552920602
33.278808058
32.0133187871
6.98812668172
54.8020977495
25.974642091
16.4893024094
45.6742733456
41.0077142047
237.167031365
14.3649091136
15.6134922682
16.4464284296
36.7154937801
15.9924908456
38.0688703629
36.0407803314
37.1304830064
40.6716587704
183.54091257
44.8102569268
36.6443826102
44.388854255
7.09986775006
39.8890526297
185.525853026
38.8884508266
41.2123340853
237.475779643
14.7209599854
129.670849064
235.590693996
7.35877216191
16.1978334581
184.285166953
235.103065477
40.8404067149
14.5449285392
14.9209645456
15.9290920186
6.86612723549
40.3314252803
38.2574860911
12.7612071122
8.42022667211
8.72639977215
7.78635629025
11.2712833636
94.1665935986
37.4825746371
17.2728985205
48.381840848
17.6831924448
14.6170122441
27.3113221457
20.4741806402
24.6921829602
15.6258666531
14.4567217952
25.3397103306
9.18361039261
9.22859083
100.474175808
162.742142418
103.859143651
4.55659798265
4.53423176577
104.251866052
16.9845013419
20.610291818
10.9420421869
104.870910818
12.7461103216
17.7740315167
18.5087737308
6.15995031548
8.91406513887
12.2001303818
9.34627082755
13.5586666543
6.09564367407
5.59360879018
4.03386145081
8.06461995118
3.22980733455
5.95773606649
4.96970156957
18.2712022048
23.6149014044
9.17305877693
4.14976133891
13.0851157254
15.8826394263
103.96736539
15.4533783719
11.7319303682
29.5995386153
50.6132301465
30.5617684424
25.478764511
28.4816453608
12.9428993132
18.0105817629
39.194236455
62.7650032437
22.1203750958
25.9875984376
46.1001672043
10.5375017096
31.8172079938
25.3877339233
31.6497780305
82.2674986523
176.375846754
20.5117601682
17.1679208749
4.18203928548
16.5018132364
16.5451857891
23.1856026633
23.9169838284
17.0198717968
16.9714436383
27.3596920137
6.58177404346
42.2188855287
28.3253517541
22.8210579656
11.3406392628
23.2454102036
4.79703155976
12.2285756749
20.2670301915
18.46875925
16.7428713133
7.69892024689
31.2122392445
21.651276582
17.2245306885
8.83224490091
15.256375819
19.6279098877
11.230875735
12.2285756749
20.2670301915
18.46875925
16.7428713133
7.69892024689
31.2122392445
21.651276582
17.2245306885
8.83224490091
15.256375819
19.6279098877
6.58177404346
42.2188855287
28.3253517541
22.8210579656
11.3406392628
23.2454102036
4.79703155976
11.230875735
Average: 41.0932577021
