19.2146267093
63.2239236878
24.3879174911
25.4797561455
18.2727572044
28.4108246484
11.6651216181
20.5556156882
16.1355874979
11.5222257164
31.7933386652
22.8389239264
27.1683164891
21.1461524228
31.1802232337
22.2568619623
101.276748924
8.27003229591
20.5189996392
11.3790322251
30.3694406252
23.3032463086
17.9589025374
5.83081451861
22.9199670378
184.720426141
53.144567639
10.4897007554
27.2765438832
25.3783087022
105.211248972
199.498071879
22.9458259201
29.1518355338
21.4260230719
10.7514222376
10.7514222376
9.57304224482
9.57304224482
8.01027635531
8.01027635531
9.37352832014
9.37352832014
19.6377273445
3.28965471564
20.7004801498
17.6841983592
35.834372205
20.1114152321
18.6009694304
98.9671590446
28.2548187167
210.416163488
29.1628773153
31.0373223261
17.771759221
113.498986556
20.9778909191
17.1683357608
20.9780451442
25.0714372311
40.2084525897
17.0832940059
30.3488921414
112.49113938
30.6625983259
20.7016640253
62.0181659705
21.8065305396
31.2425124978
33.4295487147
25.942242457
40.1580720223
25.6425563735
194.335858107
28.3976173775
17.6372488444
26.3405095731
21.7869233084
29.2956983183
19.2550622453
20.8078769874
13.2440154735
13.140147144
10.0644772004
30.7428671955
19.9153267374
160.346242796
23.353239385
23.4600402506
100.981442813
9.0016894755
12.5902507138
22.8303449892
26.9648142628
16.3316869421
18.712288986
157.073351725
54.8708868382
20.7610266955
14.0680390194
18.5981282632
17.0996766458
57.221833446
18.5773336762
26.427704848
20.4390479231
16.5166131528
23.8450942802
22.268345663
24.0708175356
31.7962478174
137.96635557
7.08958130928
32.7165243485
28.4867620246
15.4972610638
33.5726305068
26.2323369675
7.63722843622
30.8685173543
40.7923291902
23.7487977975
12.5112548684
24.0123107398
24.9871894592
383.260377172
51.5556071275
199.979018936
25.647259785
17.921239813
55.3283190699
27.3746331686
112.761028604
23.0615191998
23.2893817224
29.4896580117
18.4497200542
22.6773643506
26.6584126075
65.6212618947
15.8032837237
23.6922865459
29.098441811
201.363449555
20.4397584268
87.5074322258
20.8909462908
16.0278342967
19.7973225741
81.6978208638
16.6238040532
29.452134519
22.6587014835
26.1534493563
33.8306261304
26.2293841627
92.389797757
167.098304412
21.0239291313
16.7219276514
21.5990873784
22.6200624049
17.306889996
206.704511786
11.3348096307
26.7428668979
11.1858531511
35.3623077352
28.0376221424
10.0283195068
12.2913967816
17.1647475314
29.3066128098
233.663786244
123.649171885
98.2305303923
16.8868708012
27.7715062834
28.9144237947
206.574880404
20.1557895376
16.8897158865
21.9322415782
37.1821565784
53.4414975972
209.59955614
27.9781846839
107.884760489
25.6583572133
19.0397683757
8.07034455678
209.120430978
19.3342042343
16.1918362532
160.573400958
28.5637670396
23.4906767988
122.331562925
58.4802731469
13.6399249668
202.235265608
15.1327759339
14.7777035231
15.0067163732
201.477757174
7.20133319231
25.2855187034
204.630273442
55.5618474565
134.666421987
14.0350524046
161.703955209
13.9373704114
20.7401112092
21.9412446241
17.170441783
6.30800134254
183.035112118
17.6316731535
90.7434616228
53.3198265245
12.8251024615
169.301771075
22.5625813819
8.80311236
9.61674629883
8.02237605055
8.47289813149
10.3998035547
48.703989268
15.1438708877
214.093677018
9.07998879286
26.1330286766
13.2615586413
11.421859179
11.0757745302
23.036092529
16.1080155407
16.1092483125
14.8756864454
164.101145094
120.232921116
11.4343853369
23.1344621975
11.444045327
7.13196224547
154.657357182
3.25636523276
6.45410609766
24.0233821993
6.17857313188
11.8235910091
15.3618656302
1.98801496737
64.5219887753
6.60328453224
227.561756273
24.5234147461
7.67726583263
207.477394678
6.25211206303
13.8581076139
7.4471251988
7.13950598944
2.15992443293
8.36672742172
8.36802501814
4.88041256527
3.11439778085
21.5120935053
21.4705556995
6.58573584993
20.3271524815
175.695523613
82.1985375556
9.10535922082
18.9309614731
114.57716133
17.2896001285
8.84751174993
44.4490868592
117.814171047
21.543819958
15.1168128337
100.528369872
14.8440864209
11.3117049263
12.6525389273
16.2767978722
85.6583063291
15.8523964312
178.300824645
11.7431839139
207.744656673
5.54444192766
114.837393466
19.9797023965
9.44068362449
9.87091136732
160.201320335
22.939454702
6.75872721763
21.459159652
51.7091495722
92.5819120279
87.6020316141
165.29175666
22.4799265883
18.6120442924
21.5112208231
7.45168207986
12.4731517894
11.5283218298
15.6702975022
96.6796250602
0.98024257601
140.895804027
179.456408578
13.6956692615
9.14467379601
9.06456568043
12.3637837988
37.3974369595
16.0669565285
9.23772925265
7.87780670933
6.76309069439
3.20475197875
6.91431587621
29.0388621374
29.6033399347
236.606146174
6.67806097019
8.55480611271
15.5411023822
17.7721897773
17.7522955041
7.07606255346
15.0286519786
1.96660377373
121.443513869
7.54978604624
7.54893059538
7.54702599798
7.54841105518
16.3999174446
8.91496636138
7.24634177377
10.7598003684
21.9878690487
2.13659268671
16.2266790883
21.9394526979
10.3585925478
35.2809959734
11.1172943587
15.8759978661
19.0804322924
10.9811335812
20.7156476897
90.0787400428
118.954000767
21.3087635127
18.637961847
11.7491026028
18.0882846319
22.276387641
17.1625503887
14.7885125531
17.2511099526
14.7363736882
11.2021084533
8.65000637519
31.2794178153
11.0417821482
175.131939992
22.6699699732
92.7122746335
73.9250916421
24.8908057174
21.5141034981
7.31036355649
12.2787008902
33.1850579437
11.8615477042
141.027333829
19.3251044992
212.314926014
23.1243145978
21.106613368
6.04749156513
23.7215465253
25.3554145133
184.333155943
13.1949002907
13.5996442885
14.0968676482
16.4263002334
13.9595315064
13.9358229789
13.7414225036
23.6368099054
24.3808317528
17.522012119
9.32142861536
230.058051214
6.98675692463
34.1747508885
138.120061256
19.2854588119
17.3720049061
217.912631808
25.0580864457
35.9299555626
16.0245428032
12.9816134768
16.757317858
13.1933781048
13.9428311048
12.3014835963
18.9075665906
13.0750627063
22.0573477248
21.2263251287
12.8823194331
11.7427823876
10.6387820889
42.0801334492
18.1832025746
24.3064656381
16.3838165922
9.85572537926
7.88067388376
12.0616463461
12.5288145907
13.5051555248
5.72450375214
12.1868207996
18.9857735119
23.5123401394
21.5145157495
12.9061029232
34.7814413867
20.8484044465
124.4621627
187.650766815
26.8598255852
21.6230491919
25.2366015199
17.6564536724
19.0740596332
23.7974870513
108.613346962
21.6193463674
14.8433365306
13.2852824172
14.9649016982
21.8158572136
18.6174911887
9.77634470228
53.0902539862
20.4672563429
21.8688478596
177.419758388
118.090270474
16.7549772317
40.480143771
16.0257384903
19.1999336402
15.3748138084
27.1457205086
21.40923746
10.9560999124
23.2289227603
8.66998620923
8.9010065138
19.3677607173
254.188429332
23.1239773146
14.8851310789
19.6756299827
24.0263927048
25.091355337
30.6064415217
196.358175654
16.0437518448
30.2727623189
27.9229123351
56.9059461838
12.5073862196
1.98242772384
20.827550675
17.226954569
15.8587440729
15.851719456
122.421191945
18.9841715693
73.2042638167
4.55434626327
Average: 41.9583589197
